125
65 0.05673051088107884
207 0.05040741307796379
341 0.0401066246048356
857 0.06896661988402165
951 0.054299697371311025
968 0.29692413401028717
1022 0.05723837116857663
1102 0.09910338267211492
1516 0.04320765947033416
1624 0.052910063397982814
1733 0.054885399465413875
1892 0.06548407919405307
1962 0.047642069839019585
1990 0.07344460627147174
2069 0.07924410473708617
2071 0.09471895788549156
2177 0.07100358236546045
2892 0.0786420700619672
2999 0.0836452107315556
3164 0.06844146560188334
3288 0.06326812550070633
3348 0.04534480596481729
3350 0.07008914459508615
3443 0.06698810972958759
3507 0.06082276822743149
3576 0.06508600392549774
4034 0.08675017518140508
4091 0.04699248495802009
4173 0.07069117927020512
4305 0.09821468389798584
4340 0.0786420700619672
4341 0.046505053918824896
4366 0.05298329366132403
4555 0.062138253803324064
4659 0.05320562874240234
4773 0.06139019064098826
4778 0.06979879559534635
4954 0.04943350886403138
4973 0.07424096406749778
4983 0.046375393217998995
4987 0.046120089010790885
5033 0.057135113133735656
5229 0.059760670978739404
5503 0.08455964850192992
5579 0.13538680487909507
5629 0.07165316724645994
5732 0.05605289089668037
5950 0.06721875687777452
5987 0.039353997261513354
6036 0.045787698187906
6047 0.051144304430431727
6129 0.0557734994175578
6178 0.07509228526467454
6327 0.17324194562780107
6389 0.09380483388768611
6415 0.05022986666005741
6463 0.06589542605641929
6563 0.04722057395067674
6773 0.3346409965053468
6786 0.06870124915830976
6931 0.04708321524295318
7157 0.07924410473708617
7179 0.12902396242110004
7240 0.04224816620645555
7250 0.04385634547949525
7514 0.0371530554478188
7536 0.25797699112273825
7564 0.057135113133735656
7599 0.06721875687777452
7925 0.07990476361398578
7959 0.05798643433091244
8129 0.05152993778902828
8169 0.0941002420025265
8225 0.044652703275521274
8297 0.03830470281379008
8299 0.049599883472069894
8302 0.12620048355915778
8420 0.056147445100020135
8483 0.07924410473708617
8529 0.049997043466867716
8575 0.12687664986458988
8605 0.05653307845861669
8691 0.06310024177957889
8808 0.12978336160918139
8938 0.07987702619468066
9057 0.09055045720523386
9112 0.081249468576017
9417 0.07484127922678202
9592 0.06653935979779349
9608 0.06793775226893849
9609 0.12249174025693062
9806 0.09055045720523386
9814 0.07554103519646864
9838 0.07269654310913594
9959 0.11306615691723337
10209 0.06721875687777452
10296 0.05703271202192404
10335 0.055590692175373824
10381 0.07649067773581955
10394 0.0941002420025265
10447 0.24498348051386123
10472 0.06343832493229494
10617 0.059262047051169324
10774 0.09634995567084828
10950 0.05389773143169834
10957 0.08893429389882024
10966 0.06378593279652686
11005 0.11909855761549863
11063 0.14077298125087873
11070 0.05890087210128676
11186 0.044879118126237065
11287 0.03758823829396227
11733 0.05890087210128676
11871 0.05950884054096161
11923 0.05950884054096161
11950 0.09055045720523386
11969 0.04291189732588981
11984 0.048177585414197775
12026 0.05298329366132403
12136 0.0604136944171406
12138 0.17997561118911723
12141 0.055145183021840294
12154 0.0674537975681678
12224 0.03773677807927592
12263 0.05624272945887691
